15
0.0000 0.0343 1.1331 0.1437 1.5597 1.7259 0.2371 0.5712 0.2277 2.3202 1.8132 2.6775 0.6741 0.1285 0.8033
0.0343 0.0000 0.3076 0.2787 1.6764 0.7778 0.5515 0.1571 0.6510 0.9832 1.0371 0.5583 2.2640 0.0315 1.2780
1.1331 0.3076 0.0000 0.5697 0.3240 1.9083 1.1994 1.0746 0.6805 0.1843 0.4718 0.8458 1.6907 1.0436 0.5646
0.1437 0.2787 0.5697 0.0000 2.3194 0.9160 1.5685 0.8289 0.2595 0.9700 0.6703 0.1973 1.4561 0.6478 0.1443
1.5597 1.6764 0.3240 2.3194 0.0000 1.0729 0.5134 2.6151 2.2217 2.2207 0.3991 0.0547 0.7185 1.5776 0.3871
1.7259 0.7778 1.9083 0.9160 1.0729 0.0000 0.7457 0.4993 2.6177 0.3131 1.5096 1.6447 0.1325 1.6856 0.4918
0.2371 0.5515 1.1994 1.5685 0.5134 0.7457 0.0000 0.9307 0.7034 1.1279 0.1284 0.9567 1.2003 0.7419 0.0174
0.5712 0.1571 1.0746 0.8289 2.6151 0.4993 0.9307 0.0000 0.0060 0.7124 0.1278 0.2590 1.6530 0.7619 0.9760
0.2277 0.6510 0.6805 0.2595 2.2217 2.6177 0.7034 0.0060 0.0000 0.4775 0.1050 0.1081 0.6210 0.5167 0.0477
2.3202 0.9832 0.1843 0.9700 2.2207 0.3131 1.1279 0.7124 0.4775 0.0000 0.2690 0.3144 1.3896 0.5749 0.7798
1.8132 1.0371 0.4718 0.6703 0.3991 1.5096 0.1284 0.1278 0.1050 0.2690 0.0000 1.8817 0.8447 0.2410 1.7028
2.6775 0.5583 0.8458 0.1973 0.0547 1.6447 0.9567 0.2590 0.1081 0.3144 1.8817 0.0000 0.8751 0.3429 0.0385
0.6741 2.2640 1.6907 1.4561 0.7185 0.1325 1.2003 1.6530 0.6210 1.3896 0.8447 0.8751 0.0000 1.9281 0.5068
0.1285 0.0315 1.0436 0.6478 1.5776 1.6856 0.7419 0.7619 0.5167 0.5749 0.2410 0.3429 1.9281 0.0000 2.8434
0.8033 1.2780 0.5646 0.1443 0.3871 0.4918 0.0174 0.9760 0.0477 0.7798 1.7028 0.0385 0.5068 2.8434 0.0000
